2895	1417.4
2898.5	2700.4
2902	2690.2
2905.4	2685.8
2908.9	2682.7
2912.4	2678.2
2915.9	2673.9
2919.4	2671.9
2922.9	2671.7
2926.4	2671.4
2929.9	2670.7
2933.4	2669.6
2936.9	2667.5
2940.4	2666.7
2943.9	2667
2947.4	2666
2950.9	2664.6
2954.3	2664.7
2957.8	2664.3
2961.3	2662.9
2964.8	2662.2
2968.3	2662.5
2971.8	2662.2
2975.3	2661.3
2978.8	2661.2
2982.3	2662.1
2985.8	2662.6
2989.3	2663.2
2992.8	2664
2996.3	2663.5
2999.8	2662.9
3003.3	2661.7
3006.8	2661.5
3010.3	2661.9
3013.8	2661.7
3017.3	2662.9
3020.8	2664.2
3024.3	2663.8
3027.8	2662.6
3031.3	2660.6
3034.8	2659.4
3038.3	2658.8
3041.8	2659.6
3045.3	2660.7
3048.9	2660.8
3052.4	2661
3055.9	2662
3059.4	2662.5
3062.9	2662.4
3066.4	2662.3
3069.9	2663.1
3073.4	2664.4
3076.9	2664
3080.4	2663.8
3083.9	2663.9
3087.4	2663
3090.9	2662.9
3094.4	2662.8
3098	2662.2
3101.5	2663.4
3105	2664.5
3108.5	2664.6
3112	2665.9
3115.5	2666.8
3119	2665.4
3122.5	2663.5
3126	2662.8
3129.6	2661.8
3133.1	2660.9
3136.6	2661.7
3140.1	2662.8
3143.6	2662.5
3147.1	2662.6
3150.6	2664
3154.1	2664.2
3157.7	2663.7
3161.2	2662.7
3164.7	2662.2
3168.2	2663.1
3171.7	2664.4
3175.2	2665.2
3178.8	2664.3
3182.3	2664.4
3185.8	2666.2
3189.3	2665.9
3192.8	2664.5
3196.3	2664.8
3199.9	2665.4
3203.4	2664.6
3206.9	2663.7
3210.4	2664.7
3213.9	2665.8
3217.5	2665.3
3221	2664.6
3224.5	2665.7
3228	2666.9
3231.5	2666.3
3235.1	2664.6
3238.6	2663.3
3242.1	2663
3245.6	2663.6
3249.1	2665
3252.7	2666.3
3256.2	2666.6
3259.7	2666.6
3263.2	2666.3
3266.8	2664.2
3270.3	2663.3
3273.8	2665
3277.3	2667.4
3280.9	2667.1
3284.4	2665.2
3287.9	2664.5
3291.4	2664.5
3295	2664.9
3298.5	2664.9
3302	2663.2
3305.5	2662.1
3309.1	2662.2
3312.6	2663.2
3316.1	2664.8
3319.6	2666.5
3323.2	2667.9
3326.7	2667.7
3330.2	2666.9
3333.8	2666.5
3337.3	2666.9
3340.8	2667.3
3344.3	2666.8
3347.9	2667.1
3351.4	2668.3
3354.9	2668.2
3358.5	2667.9
3362	2667.5
3365.5	2667.7
3369	2668.8
3372.6	2668.7
3376.1	2668.3
3379.6	2669.1
3383.2	2670.5
3386.7	2671.6
3390.2	2670.6
3393.8	2670.3
3397.3	2671.7
3400.8	2671.7
3404.4	2670.8
3407.9	2670.2
3411.4	2669
3415	2668.6
3418.5	2668.8
3422	2669.7
3425.6	2669.9
3429.1	2669.5
3432.6	2669.5
3436.2	2669.2
3439.7	2669.6
3443.2	2670.4
3446.8	2670.5
3450.3	2672
3453.8	2674
3457.4	2674.5
3460.9	2674
3464.5	2672.7
3468	2671.7
3471.5	2670.9
3475.1	2671.2
3478.6	2671.8
3482.1	2671.5
3485.7	2671.1
3489.2	2670.4
3492.8	2670
3496.3	2670
3499.8	2669.4
3503.4	2668.7
3506.9	2669
3510.5	2670.1
3514	2671.7
3517.5	2672.2
3521.1	2671.9
3524.6	2673.2
3528.1	2674.4
3531.7	2674.5
3535.2	2674.8
3538.8	2674.7
3542.3	2673.6
3545.9	2672.7
3549.4	2672.2
3552.9	2673.1
3556.5	2674.8
3560	2675.1
3563.6	2675
3567.1	2675.7
3570.6	2675.8
3574.2	2675.3
3577.7	2675.7
3581.3	2675.9
3584.8	2674.8
3588.4	2673.6
3591.9	2673.7
3595.4	2675
3599	2676
3602.5	2676.8
3606.1	2677.6
3609.6	2677.7
3613.2	2678.6
3616.7	2680
3620.2	2682.3
3623.8	2684.9
3627.3	2686.7
3630.9	2687.7
3634.4	2688.2
3638	2689.6
3641.5	2691.5
3645.1	2693.4
3648.6	2694.9
3652.2	2696.9
3655.7	2700.7
3659.2	2703.5
3662.8	2706.1
3666.3	2710.6
3669.9	2714.2
3673.4	2716.8
3677	2719.8
3680.5	2724.8
3684.1	2731.2
3687.6	2736.1
3691.2	2740.5
3694.7	2747.6
3698.3	2756.2
3701.8	2764.8
3705.4	2776.4
3708.9	2787.5
3712.4	2798.6
3716	2813.4
3719.5	2826.6
3723.1	2838.1
3726.6	2853.6
3730.2	2876.6
3733.7	2899.2
3737.3	2910.6
3740.8	2922.7
3744.4	2950.5
3747.9	2999.6
3751.5	3049.7
3755	3068.4
3758.6	3064
3762.1	3066.5
3765.7	3103.2
3769.2	3198.6
3772.8	3327.1
3776.3	3417.5
3779.9	3440.1
3783.4	3394
3787	3329
3790.5	3314.4
3794.1	3375
3797.6	3538.4
3801.2	3761
3804.7	3968.9
3808.3	4123.2
3811.8	4191.2
3815.4	4176.7
3818.9	4075.2
3822.5	3910.8
3826	3767.2
3829.6	3741.3
3833.1	3867.2
3836.7	4174.3
3840.2	4577.4
3843.8	4918.7
3847.4	5192.2
3850.9	5421.7
3854.5	5609.8
3858	5769.3
3861.6	5881
3865.1	5899.5
3868.7	5802.9
3872.2	5554.1
3875.8	5167.2
3879.3	4782
3882.9	4600.7
3886.4	4687.2
3890	5060.7
3893.5	5667.5
3897.1	6276.3
3900.6	6810.4
3904.2	7267.7
3907.7	7646.6
3911.3	7943.5
3914.9	8184.8
3918.4	8371.8
3922	8466.1
3925.5	8489
3929.1	8534.4
3932.6	8636.8
3936.2	8768.7
3939.7	8855.7
3943.3	8841.2
3946.8	8707.6
3950.4	8386.9
3953.9	7817.8
3957.5	7077.2
3961.1	6316.9
3964.6	5888.7
3968.2	5922.3
3971.7	6399
3975.3	7286.4
3978.8	8196
3982.4	8959.8
3985.9	9587.1
3989.5	10088
3993	10491
3996.6	10819
4000.2	11098
4003.7	11352
4007.3	11591
4010.8	11806
4014.4	11982
4017.9	12140
4021.5	12273
4025	12415
4028.6	12583
4032.1	12735
4035.7	12862
4039.3	12977
4042.8	13107
4046.4	13247
4049.9	13383
4053.5	13496
4057	13586
4060.6	13636
4064.1	13645
4067.7	13605
4071.3	13513
4074.8	13306
4078.4	12964
4081.9	12432
4085.5	11622
4089	10520
4092.6	9248.1
4096.1	8198.4
4099.7	7806.5
4103.3	8143.1
4106.8	9119.5
4110.4	10427
4113.9	11583
4117.5	12502
4121	13206
4124.6	13722
4128.1	14141
4131.7	14526
4135.3	14852
4138.8	15118
4142.4	15334
4145.9	15507
4149.5	15663
4153	15801
4156.6	15951
4160.1	16077
4163.7	16181
4167.3	16284
4170.8	16372
4174.4	16480
4177.9	16643
4181.5	16803
4185	16928
4188.6	17006
4192.2	17089
4195.7	17189
4199.3	17287
4202.8	17403
4206.4	17537
4209.9	17654
4213.5	17725
4217	17786
4220.6	17861
4224.2	17897
4227.7	17907
4231.3	17971
4234.8	18049
4238.4	18116
4241.9	18158
4245.5	18211
4249	18283
4252.6	18358
4256.2	18437
4259.7	18512
4263.3	18540
4266.8	18526
4270.4	18538
4273.9	18546
4277.5	18540
4281	18527
4284.6	18467
4288.1	18390
4291.7	18293
4295.3	18158
4298.8	18034
4302.4	17930
4305.9	17792
4309.5	17617
4313	17385
4316.6	17041
4320.1	16531
4323.7	15777
4327.3	14669
4330.8	13144
4334.4	11488
4337.9	10388
4341.5	10230
4345	10847
4348.6	12127
4352.1	13645
4355.7	14952
4359.2	16021
4362.8	16850
4366.4	17484
4369.9	17961
4373.5	18313
4377	18553
4380.6	18721
4384.1	18844
4387.7	18927
4391.2	18998
4394.8	19073
4398.3	19143
4401.9	19255
4405.4	19319
4409	19323
4412.6	19358
4416.1	19395
4419.7	19423
4423.2	19498
4426.8	19545
4430.3	19586
4433.9	19618
4437.4	19611
4441	19594
4444.5	19600
4448.1	19612
4451.6	19636
4455.2	19654
4458.7	19646
4462.3	19643
4465.8	19585
4469.4	19518
4472.9	19433
4476.5	19273
4480.1	19126
4483.6	19089
4487.2	19136
4490.7	19197
4494.3	19243
4497.8	19269
4501.4	19265
4504.9	19259
4508.5	19247
4512	19244
4515.6	19274
4519.1	19255
4522.7	19224
4526.2	19243
4529.8	19279
4533.3	19278
4536.9	19236
4540.4	19238
4544	19219
4547.5	19151
4551.1	19056
4554.6	19022
4558.2	19028
4561.7	19066
4565.3	19108
4568.8	19126
4572.4	19115
4575.9	19097
4579.5	19098
4583	19053
4586.6	19010
4590.1	18996
4593.7	18980
4597.2	18999
4600.8	19011
4604.3	19004
4607.9	19019
4611.4	19020
4615	18968
4618.5	18908
4622.1	18869
4625.6	18803
4629.2	18775
4632.7	18776
4636.2	18772
4639.8	18776
4643.3	18788
4646.9	18802
4650.4	18806
4654	18790
4657.5	18781
4661.1	18740
4664.6	18693
4668.2	18641
4671.7	18580
4675.3	18565
4678.8	18547
4682.4	18518
4685.9	18505
4689.4	18475
4693	18435
4696.5	18400
4700.1	18384
4703.6	18372
4707.2	18353
4710.7	18346
4714.3	18365
4717.8	18376
4721.4	18363
4724.9	18340
4728.4	18292
4732	18222
4735.5	18158
4739.1	18118
4742.6	18108
4746.2	18080
4749.7	18057
4753.2	18028
4756.8	17987
4760.3	17956
4763.9	17920
4767.4	17848
4771	17789
4774.5	17764
4778	17734
4781.6	17701
4785.1	17648
4788.7	17562
4792.2	17494
4795.8	17433
4799.3	17359
4802.8	17272
4806.4	17191
4809.9	17132
4813.5	17061
4817	16968
4820.5	16850
4824.1	16722
4827.6	16599
4831.2	16413
4834.7	16146
4838.2	15785
4841.8	15321
4845.3	14666
4848.9	13741
4852.4	12550
4855.9	11265
4859.5	10317
4863	10059
4866.6	10456
4870.1	11363
4873.6	12511
4877.2	13565
4880.7	14424
4884.2	15074
4887.8	15578
4891.3	15951
4894.8	16225
4898.4	16438
4901.9	16594
4905.5	16685
4909	16725
4912.5	16730
4916.1	16736
4919.6	16727
4923.1	16742
4926.7	16781
4930.2	16837
4933.7	16917
4937.3	16997
4940.8	17030
4944.3	17054
4947.9	17053
4951.4	17062
4954.9	17060
4958.5	17035
4962	16988
4965.5	16905
4969.1	16840
4972.6	16821
4976.1	16779
4979.7	16733
4983.2	16700
4986.7	16650
4990.3	16627
4993.8	16605
4997.3	16569
5000.9	16523
5004.4	16472
5007.9	16432
5011.5	16389
5015	16309
5018.5	16208
5022	16144
5025.6	16117
5029.1	16096
5032.6	16064
5036.2	16006
5039.7	15966
5043.2	15950
5046.8	15927
5050.3	15886
5053.8	15867
5057.3	15847
5060.9	15805
5064.4	15806
5067.9	15825
5071.4	15840
5075	15847
5078.5	15860
5082	15884
5085.5	15898
5089.1	15911
5092.6	15919
5096.1	15923
5099.7	15943
5103.2	15963
5106.7	15985
5110.2	16008
5113.7	16009
5117.3	16018
5120.8	15989
5124.3	15952
5127.8	15919
5131.4	15897
5134.9	15868
5138.4	15797
5141.9	15718
5145.5	15654
5149	15617
5152.5	15588
5156	15522
5159.5	15437
5163.1	15305
5166.6	15180
5170.1	15099
5173.6	15070
5177.1	15085
5180.7	15095
5184.2	15063
5187.7	15046
5191.2	15051
5194.7	15035
5198.3	15027
5201.8	15005
5205.3	14997
5208.8	14959
5212.3	14929
5215.9	14905
5219.4	14862
5222.9	14819
5226.4	14765
5229.9	14690
5233.4	14651
5237	14625
5240.5	14609
5244	14588
5247.5	14565
5251	14511
5254.5	14476
5258	14450
5261.6	14392
5265.1	14332
5268.6	14292
5272.1	14250
5275.6	14223
5279.1	14206
5282.6	14223
5286.1	14207
5289.7	14172
5293.2	14125
5296.7	14081
5300.2	14059
5303.7	14040
5307.2	13992
5310.7	13933
5314.2	13858
5317.7	13786
5321.3	13752
5324.8	13711
5328.3	13698
5331.8	13702
5335.3	13719
5338.8	13738
5342.3	13712
5345.8	13698
5349.3	13706
5352.8	13736
5356.3	13740
5359.8	13725
5363.4	13712
5366.9	13689
5370.4	13687
5373.9	13694
5377.4	13687
5380.9	13653
5384.4	13628
5387.9	13619
5391.4	13589
5394.9	13558
5398.4	13517
5401.9	13460
5405.4	13404
5408.9	13370
5412.4	13341
5415.9	13317
5419.4	13275
5422.9	13232
5426.4	13211
5429.9	13189
5433.4	13176
5436.9	13147
5440.4	13124
5443.9	13099
5447.4	13080
5450.9	13075
5454.4	13044
5457.9	13008
5461.4	12971
5464.9	12928
5468.4	12873
5471.9	12812
5475.4	12757
5478.9	12705
5482.4	12662
5485.9	12630
5489.4	12573
5492.9	12512
5496.4	12459
5499.9	12430
5503.4	12418
5506.9	12409
5510.4	12410
5513.9	12401
5517.4	12387
5520.9	12350
5524.3	12303
5527.8	12287
5531.3	12246
5534.8	12214
5538.3	12178
5541.8	12166
5545.3	12156
5548.8	12129
5552.3	12135
5555.8	12134
5559.3	12105
5562.8	12086
5566.2	12041
5569.7	11988
5573.2	11950
5576.7	11930
5580.2	11907
5583.7	11889
5587.2	11851
5590.7	11823
5594.1	11827
5597.6	11817
5601.1	11800
5604.6	11761
5608.1	11738
5611.6	11725
5615.1	11698
5618.5	11676
5622	11662
5625.5	11646
5629	11644
5632.5	11628
5636	11590
5639.4	11563
5642.9	11573
5646.4	11588
5649.9	11573
5653.4	11551
5656.9	11529
5660.3	11520
5663.8	11532
5667.3	11524
5670.8	11486
5674.3	11453
5677.7	11428
5681.2	11416
5684.7	11374
5688.2	11325
5691.7	11303
5695.1	11270
5698.6	11237
5702.1	11214
5705.6	11169
5709	11138
5712.5	11098
5716	11054
5719.5	11020
5722.9	11014
5726.4	11005
5729.9	10999
5733.4	10987
5736.8	10965
5740.3	10960
5743.8	10950
5747.3	10911
5750.7	10876
5754.2	10850
5757.7	10831
5761.1	10824
5764.6	10816
5768.1	10801
5771.5	10768
5775	10746
5778.5	10715
5782	10668
5785.4	10623
5788.9	10583
5792.4	10570
5795.8	10576
5799.3	10568
5802.8	10553
5806.2	10526
5809.7	10503
5813.2	10497
5816.6	10488
5820.1	10494
5823.6	10518
5827	10525
5830.5	10519
5834	10515
5837.4	10515
5840.9	10527
5844.3	10524
5847.8	10519
5851.3	10513
5854.7	10512
5858.2	10508
5861.6	10498
5865.1	10516
5868.6	10507
5872	10488
5875.5	10463
5878.9	10425
5882.4	10380
5885.9	10314
5889.3	10254
5892.8	10213
5896.2	10203
5899.7	10222
5903.2	10246
5906.6	10254
5910.1	10238
5913.5	10204
5917	10186
5920.4	10169
5923.9	10154
5927.3	10147
5930.8	10162
5934.2	10167
5937.7	10145
5941.1	10109
5944.6	10062
5948.1	10035
5951.5	10035
5955	10028
5958.4	10023
5961.9	10025
5965.3	10018
5968.8	10008
5972.2	9999.3
5975.7	9970.3
5979.1	9968.4
5982.5	9974.2
5986	9979.8
5989.4	9981.6
5992.9	9973.9
5996.3	9961.5
5999.8	9963.4
6003.2	9952.1
6006.7	9935.7
6010.1	9895.3
6013.6	9867
6017	9861.3
6020.4	9854.7
6023.9	9841.6
6027.3	9838
6030.8	9821.2
6034.2	9793.1
6037.7	9779.8
6041.1	9771.3
6044.5	9729.1
6048	9717.6
6051.4	9710
6054.9	9693.3
6058.3	9689.2
6061.7	9677.6
6065.2	9670.8
6068.6	9666.3
6072.1	9654
6075.5	9638.9
6078.9	9628.7
6082.4	9619.6
6085.8	9600.6
6089.2	9592.6
6092.7	9567.1
6096.1	9533
6099.5	9502.6
6103	9492.9
6106.4	9474.3
6109.8	9456.5
6113.3	9456.1
6116.7	9456.7
6120.1	9455.6
6123.6	9459.4
6127	9437.6
6130.4	9424.3
6133.9	9421.8
6137.3	9407.4
6140.7	9391.6
6144.2	9388.9
6147.6	9364.6
6151	9342
6154.4	9324.9
6157.9	9330.1
6161.3	9372.1
6164.7	9400.2
6168.2	9398.5
6171.6	9391.4
6175	9375.6
6178.4	9389.1
6181.9	9381.4
6185.3	9359.8
6188.7	9342.7
6192.1	9337.1
6195.6	9327.6
6199	9318.9
6202.4	9296
6205.8	9252
6209.2	9239
6212.7	9230.4
6216.1	9212.5
6219.5	9196.7
6222.9	9193.7
6226.3	9180.7
6229.8	9153.8
6233.2	9104.3
6236.6	9078.7
6240	9041
6243.4	9010.8
6246.9	8984.9
6250.3	8972.6
6253.7	8960.6
6257.1	8922.3
6260.5	8891
6263.9	8861.6
6267.3	8831.7
6270.8	8752
6274.2	8633.1
6277.6	8560.9
6281	8552.2
6284.4	8547.2
6287.8	8536.3
6291.2	8532.2
6294.7	8531.9
6298.1	8531.1
6301.5	8524.1
6304.9	8520.3
6308.3	8540.3
6311.7	8533.9
6315.1	8519.8
6318.5	8496.7
6321.9	8479.1
6325.3	8468.8
6328.7	8469.2
6332.1	8477.7
6335.6	8473.2
6339	8455.5
6342.4	8418.5
6345.8	8404
6349.2	8403.1
6352.6	8396
6356	8391.8
6359.4	8380.9
6362.8	8354.9
6366.2	8314.1
6369.6	8279.2
6373	8281.8
6376.4	8281
6379.8	8258.7
6383.2	8231
6386.6	8208.3
6390	8192.8
6393.4	8152.8
6396.8	8119
6400.2	8079.2
6403.6	8064.4
6407	8055.7
6410.4	8038.3
6413.8	8007.2
6417.2	7983.8
6420.6	7973.5
6424	7949
6427.4	7911.8
6430.7	7910.7
6434.1	7909.7
6437.5	7893.8
6440.9	7867.4
6444.3	7834.5
6447.7	7806.1
6451.1	7786.3
6454.5	7759.1
6457.9	7733.8
6461.3	7720.8
6464.7	7719.3
6468.1	7702.3
6471.4	7691.3
6474.8	7663.8
6478.2	7624.1
6481.6	7605.3
6485	7600
6488.4	7583.1
6491.8	7548.3
6495.1	7529.3
6498.5	7524.2
6501.9	7505.6
6505.3	7467.1
6508.7	7411.7
6512.1	7375.1
6515.5	7329.9
6518.8	7277.4
6522.2	7241.2
6525.6	7205.3
6529	7150.4
6532.4	7078.9
6535.7	6978.6
6539.1	6857.2
6542.5	6729.9
6545.9	6556.3
6549.3	6325.4
6552.6	6049.4
6556	5714.3
6559.4	5456.6
6562.8	5416.2
6566.1	5527.6
6569.5	5749.4
6572.9	5993.3
6576.3	6198.3
6579.6	6362
6583	6502.1
6586.4	6610
6589.8	6694.2
6593.1	6762.5
6596.5	6820.9
6599.9	6844.9
6603.2	6850.5
6606.6	6861.6
6610	6883.9
6613.4	6907.3
6616.7	6898.3
6620.1	6899.8
6623.5	6894.1
6626.8	6906.2
6630.2	6897
6633.6	6907
6636.9	6919.8
6640.3	6903.1
6643.7	6891.2
6647	6887.8
6650.4	6861.6
6653.7	6838.9
6657.1	6816.8
6660.5	6805.1
6663.8	6799.4
6667.2	6791.1
6670.6	6768.8
6673.9	6737.7
6677.3	6708.9
6680.6	6690
6684	6654.9
6687.4	6632.3
6690.7	6613.5
6694.1	6583.2
6697.4	6554
6700.8	6520.7
6704.2	6497.2
6707.5	6473.3
6710.9	6447.3
6714.2	6434.6
6717.6	6418.8
6720.9	6401.2
6724.3	6386
6727.6	6366
6731	6349.4
6734.3	6342.1
6737.7	6327.4
6741	6306.1
6744.4	6286.3
6747.7	6267.5
6751.1	6265.9
6754.4	6248.9
6757.8	6234.1
6761.1	6233.5
6764.5	6227.5
6767.8	6214.1
6771.2	6204.7
6774.5	6196.6
6777.9	6179.1
6781.2	6167.4
6784.6	6156.2
6787.9	6148.7
6791.3	6137.3
6794.6	6109.5
6798	6080.9
6801.3	6049.5
6804.6	6039.5
6808	6018.6
6811.3	6004.1
6814.7	5983
6818	5955.5
6821.3	5932
6824.7	5901.1
6828	5887.4
6831.4	5877.9
6834.7	5852.9
6838	5830.9
6841.4	5805
6844.7	5781.4
6848	5768.9
6851.4	5746.5
6854.7	5719.4
6858.1	5677.1
6861.4	5579.7
6864.7	5347.1
6868.1	5074.7
6871.4	4947.1
6874.7	4973.4
6878	5076.8
6881.4	5174.8
6884.7	5199.6
6888	5198.4
6891.4	5188.6
6894.7	5192.7
6898	5208.9
6901.4	5223
6904.7	5246.5
6908	5292.3
6911.3	5334.5
6914.7	5360.6
6918	5385.5
6921.3	5409.9
6924.6	5407.8
6928	5403.7
6931.3	5404.6
6934.6	5392.3
6937.9	5382.1
6941.3	5365.3
6944.6	5357.1
6947.9	5354.5
6951.2	5347.5
6954.5	5332.9
6957.9	5310.1
6961.2	5292.8
6964.5	5293.1
6967.8	5283.9
6971.1	5271.5
6974.5	5250.8
6977.8	5229.1
6981.1	5204.5
6984.4	5174.1
6987.7	5154.8
6991	5138.1
6994.4	5111.6
6997.7	5093.9
7001	5070.6
7004.3	5059.8
7007.6	5045.1
7010.9	5037
7014.2	5024.7
7017.5	5005.2
7020.8	4994.4
7024.2	4986.4
7027.5	4975.3
7030.8	4962.6
7034.1	4957.2
7037.4	4946.8
7040.7	4946.4
7044	4947.4
7047.3	4947.4
7050.6	4936.2
7053.9	4911
7057.2	4895.9
7060.5	4895
7063.8	4903.4
7067.1	4908.1
7070.4	4909.2
7073.7	4888.5
7077.1	4886.8
7080.4	4888.2
7083.7	4880.1
7087	4865.2
7090.3	4859.4
7093.6	4852.3
7096.9	4858.5
7100.1	4839
7103.4	4826.5
7106.7	4805.3
7110	4782.2
7113.3	4760.9
7116.6	4747.3
7119.9	4749.2
7123.2	4745.8
7126.5	4737.3
7129.8	4726.1
7133.1	4713.8
7136.4	4705.1
7139.7	4690.2
7143	4677.4
7146.3	4659.5
7149.6	4645.8
7152.9	4635.1
7156.1	4624.1
7159.4	4604.9
7162.7	4573.6
7166	4543.6
7169.3	4506
7172.6	4465.2
7175.9	4439
7179.2	4416.7
7182.4	4377.7
7185.7	4354.2
7189	4344.1
7192.3	4326.6
7195.6	4327.3
7198.9	4332.9
7202.1	4323
7205.4	4320.9
7208.7	4344.9
7212	4381
7215.3	4401.2
7218.6	4409.6
7221.8	4402.6
7225.1	4386.3
7228.4	4357.4
7231.7	4313.7
7234.9	4277
7238.2	4262.7
7241.5	4250.9
7244.8	4239.5
7248	4236.6
7251.3	4220.7
7254.6	4209.6
7257.9	4213.2
7261.1	4211.5
7264.4	4195
7267.7	4188.4
7271	4174.1
7274.2	4148.7
7277.5	4134.7
7280.8	4140.3
7284	4157.2
7287.3	4146.2
7290.6	4128.3
7293.8	4122.2
7297.1	4131.6
7300.4	4130.8
7303.6	4121.8
7306.9	4122.5
7310.2	4118.6
7313.4	4108.6
7316.7	4095.2
7320	4085.2
7323.2	4091.2
7326.5	4093.7
7329.8	4085.5
7333	4078.1
7336.3	4080.7
7339.5	4084.8
7342.8	4087.4
7346.1	4075.1
7349.3	4061.7
7352.6	4054.5
7355.8	4049.9
7359.1	4042.6
7362.4	4032.8
7365.6	4024.5
7368.9	4016.6
7372.1	4014.3
7375.4	4008.4
7378.6	3994.5
7381.9	3985.7
7385.1	3983.3
7388.4	3969
7391.6	3969.3
7394.9	3974.1
7398.1	3973.4
7401.4	3961.2
7404.6	3947
7407.9	3928.2
7411.1	3923.5
7414.4	3922.1
7417.6	3930
7420.9	3928.3
7424.1	3921.8
7427.4	3913.9
7430.6	3913.9
7433.9	3915.7
7437.1	3914.9
7440.4	3902.5
7443.6	3897.6
7446.8	3895.6
7450.1	3896.9
7453.3	3886.4
7456.6	3885.8
7459.8	3882.4
7463.1	3873
7466.3	3862.4
7469.5	3860.2
7472.8	3850.5
7476	3842.3
7479.2	3829.9
7482.5	3822.5
7485.7	3823
7489	3817.4
7492.2	3804.1
7495.4	3794.9
7498.7	3782.9
7501.9	3775.5
7505.1	3766.5
7508.4	3752.6
7511.6	3739.3
7514.8	3730.8
7518.1	3728.8
7521.3	3722.9
7524.5	3719.2
7527.8	3716.5
7531	3715.5
7534.2	3712.6
7537.4	3707.7
7540.7	3702.3
7543.9	3698.6
7547.1	3697.7
7550.3	3694.8
7553.6	3688.8
7556.8	3678.4
7560	3668.9
7563.2	3668.6
7566.5	3672.3
7569.7	3675.4
7572.9	3661.5
7576.1	3648
7579.4	3637.1
7582.6	3626.4
7585.8	3614
7589	3599.7
7592.2	3546.6
7595.5	3426.9
7598.7	3277.7
7601.9	3131.1
7605.1	3006.5
7608.3	2937.9
7611.5	2921.9
7614.8	2941.2
7618	3008.9
7621.2	3097.7
7624.4	3143.5
7627.6	3140.5
7630.8	3120.6
7634	3104.6
7637.3	3096.1
7640.5	3095.8
7643.7	3111.8
7646.9	3136.6
7650.1	3164.6
7653.3	3190.8
7656.5	3222.9
7659.7	3255.9
7662.9	3277.7
7666.1	3305.5
7669.3	3325
7672.5	3341.6
7675.7	3358.3
7679	3368.2
7682.2	3370
7685.4	3381.2
7688.6	3381.6
7691.8	3385.5
7695	3365.5
7698.2	3147.9
